2482
2789
1475
7191
5881
8280
7837
4605
7580
7749
8209
2127
5367
1794
6566
9508
2530
7147
3768
4113
3855
1659
3635
6765
4957
2980
4449
6135
1551
1728
2799
1535
2033
5055
6124
9368
2138
3274
8510
5274
9618
6430
1389
5041
6426
7214
9515
2940
4126
9908
2515
9674
7671
4452
2002
8279
2521
6204
1707
9728
7108
9063
9219
9241
2784
9352
1512
4210
5508
9350
7649
1944
1147
3761
3351
9570
2307
7620
4657
1583
6142
6245
6468
4661
8650
3435
6666
5898
3064
7233
4004
5114
4761
3098
1912
6684
1976
6326
1303
8019
